328.jpg 1 0 0 50 50
431.jpg 1 0 0 50 50
513.jpg 1 0 0 50 50
39.jpg 1 0 0 50 50
575.jpg 1 0 0 50 50
420.jpg 1 0 0 50 50
563.jpg 1 0 0 50 50
70.jpg 1 0 0 50 50
362.jpg 1 0 0 50 50
240.jpg 1 0 0 50 50
325.jpg 1 0 0 50 50
343.jpg 1 0 0 50 50
459.jpg 1 0 0 50 50
515.jpg 1 0 0 50 50
13.jpg 1 0 0 50 50
502.jpg 1 0 0 50 50
521.jpg 1 0 0 50 50
526.jpg 1 0 0 50 50
307.jpg 1 0 0 50 50
73.jpg 1 0 0 50 50
536.jpg 1 0 0 50 50
5.jpg 1 0 0 50 50
246.jpg 1 0 0 50 50
147.jpg 1 0 0 50 50
267.jpg 1 0 0 50 50
33.jpg 1 0 0 50 50
589.jpg 1 0 0 50 50
399.jpg 1 0 0 50 50
134.jpg 1 0 0 50 50
384.jpg 1 0 0 50 50
537.jpg 1 0 0 50 50
627.jpg 1 0 0 50 50
523.jpg 1 0 0 50 50
220.jpg 1 0 0 50 50
207.jpg 1 0 0 50 50
191.jpg 1 0 0 50 50
181.jpg 1 0 0 50 50
178.jpg 1 0 0 50 50
574.jpg 1 0 0 50 50
438.jpg 1 0 0 50 50
182.jpg 1 0 0 50 50
630.jpg 1 0 0 50 50
11.jpg 1 0 0 50 50
490.jpg 1 0 0 50 50
103.jpg 1 0 0 50 50
415.jpg 1 0 0 50 50
229.jpg 1 0 0 50 50
520.jpg 1 0 0 50 50
202.jpg 1 0 0 50 50
634.jpg 1 0 0 50 50
440.jpg 1 0 0 50 50
247.jpg 1 0 0 50 50
566.jpg 1 0 0 50 50
310.jpg 1 0 0 50 50
17.jpg 1 0 0 50 50
54.jpg 1 0 0 50 50
77.jpg 1 0 0 50 50
447.jpg 1 0 0 50 50
86.jpg 1 0 0 50 50
392.jpg 1 0 0 50 50
433.jpg 1 0 0 50 50
514.jpg 1 0 0 50 50
168.jpg 1 0 0 50 50
37.jpg 1 0 0 50 50
342.jpg 1 0 0 50 50
166.jpg 1 0 0 50 50
148.jpg 1 0 0 50 50
609.jpg 1 0 0 50 50
616.jpg 1 0 0 50 50
556.jpg 1 0 0 50 50
81.jpg 1 0 0 50 50
356.jpg 1 0 0 50 50
271.jpg 1 0 0 50 50
389.jpg 1 0 0 50 50
299.jpg 1 0 0 50 50
241.jpg 1 0 0 50 50
187.jpg 1 0 0 50 50
105.jpg 1 0 0 50 50
123.jpg 1 0 0 50 50
317.jpg 1 0 0 50 50
607.jpg 1 0 0 50 50
595.jpg 1 0 0 50 50
19.jpg 1 0 0 50 50
404.jpg 1 0 0 50 50
482.jpg 1 0 0 50 50
179.jpg 1 0 0 50 50
584.jpg 1 0 0 50 50
437.jpg 1 0 0 50 50
237.jpg 1 0 0 50 50
410.jpg 1 0 0 50 50
361.jpg 1 0 0 50 50
633.jpg 1 0 0 50 50
441.jpg 1 0 0 50 50
208.jpg 1 0 0 50 50
230.jpg 1 0 0 50 50
539.jpg 1 0 0 50 50
554.jpg 1 0 0 50 50
416.jpg 1 0 0 50 50
558.jpg 1 0 0 50 50
276.jpg 1 0 0 50 50
377.jpg 1 0 0 50 50
113.jpg 1 0 0 50 50
116.jpg 1 0 0 50 50
411.jpg 1 0 0 50 50
390.jpg 1 0 0 50 50
413.jpg 1 0 0 50 50
308.jpg 1 0 0 50 50
224.jpg 1 0 0 50 50
555.jpg 1 0 0 50 50
221.jpg 1 0 0 50 50
629.jpg 1 0 0 50 50
295.jpg 1 0 0 50 50
370.jpg 1 0 0 50 50
504.jpg 1 0 0 50 50
188.jpg 1 0 0 50 50
259.jpg 1 0 0 50 50
365.jpg 1 0 0 50 50
560.jpg 1 0 0 50 50
371.jpg 1 0 0 50 50
403.jpg 1 0 0 50 50
533.jpg 1 0 0 50 50
55.jpg 1 0 0 50 50
291.jpg 1 0 0 50 50
473.jpg 1 0 0 50 50
445.jpg 1 0 0 50 50
4.jpg 1 0 0 50 50
493.jpg 1 0 0 50 50
127.jpg 1 0 0 50 50
466.jpg 1 0 0 50 50
192.jpg 1 0 0 50 50
45.jpg 1 0 0 50 50
368.jpg 1 0 0 50 50
284.jpg 1 0 0 50 50
525.jpg 1 0 0 50 50
418.jpg 1 0 0 50 50
374.jpg 1 0 0 50 50
585.jpg 1 0 0 50 50
599.jpg 1 0 0 50 50
412.jpg 1 0 0 50 50
326.jpg 1 0 0 50 50
180.jpg 1 0 0 50 50
91.jpg 1 0 0 50 50
436.jpg 1 0 0 50 50
509.jpg 1 0 0 50 50
590.jpg 1 0 0 50 50
137.jpg 1 0 0 50 50
366.jpg 1 0 0 50 50
294.jpg 1 0 0 50 50
289.jpg 1 0 0 50 50
632.jpg 1 0 0 50 50
460.jpg 1 0 0 50 50
456.jpg 1 0 0 50 50
172.jpg 1 0 0 50 50
351.jpg 1 0 0 50 50
213.jpg 1 0 0 50 50
282.jpg 1 0 0 50 50
443.jpg 1 0 0 50 50
235.jpg 1 0 0 50 50
350.jpg 1 0 0 50 50
478.jpg 1 0 0 50 50
594.jpg 1 0 0 50 50
145.jpg 1 0 0 50 50
218.jpg 1 0 0 50 50
249.jpg 1 0 0 50 50
608.jpg 1 0 0 50 50
265.jpg 1 0 0 50 50
59.jpg 1 0 0 50 50
189.jpg 1 0 0 50 50
7.jpg 1 0 0 50 50
623.jpg 1 0 0 50 50
298.jpg 1 0 0 50 50
335.jpg 1 0 0 50 50
323.jpg 1 0 0 50 50
519.jpg 1 0 0 50 50
9.jpg 1 0 0 50 50
88.jpg 1 0 0 50 50
360.jpg 1 0 0 50 50
6.jpg 1 0 0 50 50
387.jpg 1 0 0 50 50
122.jpg 1 0 0 50 50
409.jpg 1 0 0 50 50
219.jpg 1 0 0 50 50
464.jpg 1 0 0 50 50
476.jpg 1 0 0 50 50
293.jpg 1 0 0 50 50
479.jpg 1 0 0 50 50
529.jpg 1 0 0 50 50
140.jpg 1 0 0 50 50
401.jpg 1 0 0 50 50
222.jpg 1 0 0 50 50
85.jpg 1 0 0 50 50
263.jpg 1 0 0 50 50
579.jpg 1 0 0 50 50
117.jpg 1 0 0 50 50
129.jpg 1 0 0 50 50
242.jpg 1 0 0 50 50
643.jpg 1 0 0 50 50
625.jpg 1 0 0 50 50
592.jpg 1 0 0 50 50
297.jpg 1 0 0 50 50
606.jpg 1 0 0 50 50
257.jpg 1 0 0 50 50
280.jpg 1 0 0 50 50
46.jpg 1 0 0 50 50
334.jpg 1 0 0 50 50
28.jpg 1 0 0 50 50
444.jpg 1 0 0 50 50
426.jpg 1 0 0 50 50
407.jpg 1 0 0 50 50
619.jpg 1 0 0 50 50
596.jpg 1 0 0 50 50
340.jpg 1 0 0 50 50
176.jpg 1 0 0 50 50
561.jpg 1 0 0 50 50
424.jpg 1 0 0 50 50
110.jpg 1 0 0 50 50
15.jpg 1 0 0 50 50
455.jpg 1 0 0 50 50
449.jpg 1 0 0 50 50
329.jpg 1 0 0 50 50
382.jpg 1 0 0 50 50
65.jpg 1 0 0 50 50
358.jpg 1 0 0 50 50
71.jpg 1 0 0 50 50
264.jpg 1 0 0 50 50
114.jpg 1 0 0 50 50
425.jpg 1 0 0 50 50
175.jpg 1 0 0 50 50
395.jpg 1 0 0 50 50
21.jpg 1 0 0 50 50
57.jpg 1 0 0 50 50
125.jpg 1 0 0 50 50
338.jpg 1 0 0 50 50
601.jpg 1 0 0 50 50
363.jpg 1 0 0 50 50
388.jpg 1 0 0 50 50
161.jpg 1 0 0 50 50
613.jpg 1 0 0 50 50
488.jpg 1 0 0 50 50
216.jpg 1 0 0 50 50
316.jpg 1 0 0 50 50
538.jpg 1 0 0 50 50
40.jpg 1 0 0 50 50
120.jpg 1 0 0 50 50
238.jpg 1 0 0 50 50
600.jpg 1 0 0 50 50
396.jpg 1 0 0 50 50
211.jpg 1 0 0 50 50
483.jpg 1 0 0 50 50
163.jpg 1 0 0 50 50
435.jpg 1 0 0 50 50
551.jpg 1 0 0 50 50
27.jpg 1 0 0 50 50
567.jpg 1 0 0 50 50
577.jpg 1 0 0 50 50
279.jpg 1 0 0 50 50
626.jpg 1 0 0 50 50
104.jpg 1 0 0 50 50
397.jpg 1 0 0 50 50
511.jpg 1 0 0 50 50
640.jpg 1 0 0 50 50
209.jpg 1 0 0 50 50
82.jpg 1 0 0 50 50
131.jpg 1 0 0 50 50
442.jpg 1 0 0 50 50
286.jpg 1 0 0 50 50
227.jpg 1 0 0 50 50
312.jpg 1 0 0 50 50
67.jpg 1 0 0 50 50
100.jpg 1 0 0 50 50
322.jpg 1 0 0 50 50
186.jpg 1 0 0 50 50
580.jpg 1 0 0 50 50
381.jpg 1 0 0 50 50
620.jpg 1 0 0 50 50
306.jpg 1 0 0 50 50
206.jpg 1 0 0 50 50
30.jpg 1 0 0 50 50
605.jpg 1 0 0 50 50
29.jpg 1 0 0 50 50
12.jpg 1 0 0 50 50
550.jpg 1 0 0 50 50
196.jpg 1 0 0 50 50
244.jpg 1 0 0 50 50
639.jpg 1 0 0 50 50
162.jpg 1 0 0 50 50
8.jpg 1 0 0 50 50
468.jpg 1 0 0 50 50
647.jpg 1 0 0 50 50
302.jpg 1 0 0 50 50
112.jpg 1 0 0 50 50
35.jpg 1 0 0 50 50
576.jpg 1 0 0 50 50
583.jpg 1 0 0 50 50
393.jpg 1 0 0 50 50
42.jpg 1 0 0 50 50
66.jpg 1 0 0 50 50
541.jpg 1 0 0 50 50
253.jpg 1 0 0 50 50
195.jpg 1 0 0 50 50
458.jpg 1 0 0 50 50
422.jpg 1 0 0 50 50
170.jpg 1 0 0 50 50
572.jpg 1 0 0 50 50
68.jpg 1 0 0 50 50
84.jpg 1 0 0 50 50
564.jpg 1 0 0 50 50
277.jpg 1 0 0 50 50
414.jpg 1 0 0 50 50
547.jpg 1 0 0 50 50
494.jpg 1 0 0 50 50
421.jpg 1 0 0 50 50
486.jpg 1 0 0 50 50
150.jpg 1 0 0 50 50
194.jpg 1 0 0 50 50
23.jpg 1 0 0 50 50
260.jpg 1 0 0 50 50
141.jpg 1 0 0 50 50
305.jpg 1 0 0 50 50
203.jpg 1 0 0 50 50
379.jpg 1 0 0 50 50
427.jpg 1 0 0 50 50
124.jpg 1 0 0 50 50
193.jpg 1 0 0 50 50
628.jpg 1 0 0 50 50
300.jpg 1 0 0 50 50
588.jpg 1 0 0 50 50
153.jpg 1 0 0 50 50
614.jpg 1 0 0 50 50
559.jpg 1 0 0 50 50
60.jpg 1 0 0 50 50
617.jpg 1 0 0 50 50
275.jpg 1 0 0 50 50
303.jpg 1 0 0 50 50
339.jpg 1 0 0 50 50
296.jpg 1 0 0 50 50
357.jpg 1 0 0 50 50
119.jpg 1 0 0 50 50
272.jpg 1 0 0 50 50
637.jpg 1 0 0 50 50
61.jpg 1 0 0 50 50
369.jpg 1 0 0 50 50
481.jpg 1 0 0 50 50
50.jpg 1 0 0 50 50
471.jpg 1 0 0 50 50
154.jpg 1 0 0 50 50
62.jpg 1 0 0 50 50
89.jpg 1 0 0 50 50
268.jpg 1 0 0 50 50
204.jpg 1 0 0 50 50
274.jpg 1 0 0 50 50
320.jpg 1 0 0 50 50
353.jpg 1 0 0 50 50
578.jpg 1 0 0 50 50
398.jpg 1 0 0 50 50
546.jpg 1 0 0 50 50
135.jpg 1 0 0 50 50
96.jpg 1 0 0 50 50
232.jpg 1 0 0 50 50
287.jpg 1 0 0 50 50
543.jpg 1 0 0 50 50
402.jpg 1 0 0 50 50
32.jpg 1 0 0 50 50
64.jpg 1 0 0 50 50
454.jpg 1 0 0 50 50
644.jpg 1 0 0 50 50
25.jpg 1 0 0 50 50
498.jpg 1 0 0 50 50
506.jpg 1 0 0 50 50
319.jpg 1 0 0 50 50
223.jpg 1 0 0 50 50
139.jpg 1 0 0 50 50
355.jpg 1 0 0 50 50
417.jpg 1 0 0 50 50
283.jpg 1 0 0 50 50
611.jpg 1 0 0 50 50
367.jpg 1 0 0 50 50
450.jpg 1 0 0 50 50
69.jpg 1 0 0 50 50
618.jpg 1 0 0 50 50
602.jpg 1 0 0 50 50
38.jpg 1 0 0 50 50
239.jpg 1 0 0 50 50
474.jpg 1 0 0 50 50
532.jpg 1 0 0 50 50
24.jpg 1 0 0 50 50
503.jpg 1 0 0 50 50
231.jpg 1 0 0 50 50
400.jpg 1 0 0 50 50
254.jpg 1 0 0 50 50
491.jpg 1 0 0 50 50
522.jpg 1 0 0 50 50
645.jpg 1 0 0 50 50
156.jpg 1 0 0 50 50
225.jpg 1 0 0 50 50
49.jpg 1 0 0 50 50
641.jpg 1 0 0 50 50
477.jpg 1 0 0 50 50
273.jpg 1 0 0 50 50
200.jpg 1 0 0 50 50
516.jpg 1 0 0 50 50
177.jpg 1 0 0 50 50
92.jpg 1 0 0 50 50
453.jpg 1 0 0 50 50
405.jpg 1 0 0 50 50
615.jpg 1 0 0 50 50
597.jpg 1 0 0 50 50
215.jpg 1 0 0 50 50
331.jpg 1 0 0 50 50
51.jpg 1 0 0 50 50
2.jpg 1 0 0 50 50
380.jpg 1 0 0 50 50
236.jpg 1 0 0 50 50
266.jpg 1 0 0 50 50
642.jpg 1 0 0 50 50
646.jpg 1 0 0 50 50
383.jpg 1 0 0 50 50
261.jpg 1 0 0 50 50
53.jpg 1 0 0 50 50
115.jpg 1 0 0 50 50
349.jpg 1 0 0 50 50
234.jpg 1 0 0 50 50
344.jpg 1 0 0 50 50
505.jpg 1 0 0 50 50
107.jpg 1 0 0 50 50
155.jpg 1 0 0 50 50
439.jpg 1 0 0 50 50
22.jpg 1 0 0 50 50
510.jpg 1 0 0 50 50
373.jpg 1 0 0 50 50
159.jpg 1 0 0 50 50
565.jpg 1 0 0 50 50
508.jpg 1 0 0 50 50
332.jpg 1 0 0 50 50
26.jpg 1 0 0 50 50
465.jpg 1 0 0 50 50
333.jpg 1 0 0 50 50
101.jpg 1 0 0 50 50
90.jpg 1 0 0 50 50
228.jpg 1 0 0 50 50
337.jpg 1 0 0 50 50
507.jpg 1 0 0 50 50
534.jpg 1 0 0 50 50
587.jpg 1 0 0 50 50
528.jpg 1 0 0 50 50
128.jpg 1 0 0 50 50
14.jpg 1 0 0 50 50
79.jpg 1 0 0 50 50
75.jpg 1 0 0 50 50
174.jpg 1 0 0 50 50
87.jpg 1 0 0 50 50
95.jpg 1 0 0 50 50
199.jpg 1 0 0 50 50
10.jpg 1 0 0 50 50
136.jpg 1 0 0 50 50
408.jpg 1 0 0 50 50
210.jpg 1 0 0 50 50
80.jpg 1 0 0 50 50
146.jpg 1 0 0 50 50
248.jpg 1 0 0 50 50
484.jpg 1 0 0 50 50
157.jpg 1 0 0 50 50
518.jpg 1 0 0 50 50
423.jpg 1 0 0 50 50
573.jpg 1 0 0 50 50
167.jpg 1 0 0 50 50
173.jpg 1 0 0 50 50
430.jpg 1 0 0 50 50
144.jpg 1 0 0 50 50
428.jpg 1 0 0 50 50
378.jpg 1 0 0 50 50
475.jpg 1 0 0 50 50
201.jpg 1 0 0 50 50
434.jpg 1 0 0 50 50
171.jpg 1 0 0 50 50
485.jpg 1 0 0 50 50
269.jpg 1 0 0 50 50
255.jpg 1 0 0 50 50
52.jpg 1 0 0 50 50
183.jpg 1 0 0 50 50
160.jpg 1 0 0 50 50
285.jpg 1 0 0 50 50
118.jpg 1 0 0 50 50
548.jpg 1 0 0 50 50
108.jpg 1 0 0 50 50
352.jpg 1 0 0 50 50
582.jpg 1 0 0 50 50
250.jpg 1 0 0 50 50
126.jpg 1 0 0 50 50
288.jpg 1 0 0 50 50
631.jpg 1 0 0 50 50
164.jpg 1 0 0 50 50
270.jpg 1 0 0 50 50
487.jpg 1 0 0 50 50
311.jpg 1 0 0 50 50
262.jpg 1 0 0 50 50
542.jpg 1 0 0 50 50
461.jpg 1 0 0 50 50
111.jpg 1 0 0 50 50
500.jpg 1 0 0 50 50
34.jpg 1 0 0 50 50
138.jpg 1 0 0 50 50
527.jpg 1 0 0 50 50
63.jpg 1 0 0 50 50
638.jpg 1 0 0 50 50
304.jpg 1 0 0 50 50
604.jpg 1 0 0 50 50
36.jpg 1 0 0 50 50
233.jpg 1 0 0 50 50
205.jpg 1 0 0 50 50
74.jpg 1 0 0 50 50
330.jpg 1 0 0 50 50
97.jpg 1 0 0 50 50
446.jpg 1 0 0 50 50
243.jpg 1 0 0 50 50
624.jpg 1 0 0 50 50
314.jpg 1 0 0 50 50
198.jpg 1 0 0 50 50
47.jpg 1 0 0 50 50
354.jpg 1 0 0 50 50
598.jpg 1 0 0 50 50
495.jpg 1 0 0 50 50
226.jpg 1 0 0 50 50
376.jpg 1 0 0 50 50
121.jpg 1 0 0 50 50
76.jpg 1 0 0 50 50
197.jpg 1 0 0 50 50
83.jpg 1 0 0 50 50
336.jpg 1 0 0 50 50
301.jpg 1 0 0 50 50
109.jpg 1 0 0 50 50
480.jpg 1 0 0 50 50
452.jpg 1 0 0 50 50
621.jpg 1 0 0 50 50
313.jpg 1 0 0 50 50
385.jpg 1 0 0 50 50
309.jpg 1 0 0 50 50
469.jpg 1 0 0 50 50
562.jpg 1 0 0 50 50
341.jpg 1 0 0 50 50
462.jpg 1 0 0 50 50
44.jpg 1 0 0 50 50
545.jpg 1 0 0 50 50
569.jpg 1 0 0 50 50
106.jpg 1 0 0 50 50
501.jpg 1 0 0 50 50
321.jpg 1 0 0 50 50
165.jpg 1 0 0 50 50
364.jpg 1 0 0 50 50
394.jpg 1 0 0 50 50
463.jpg 1 0 0 50 50
612.jpg 1 0 0 50 50
557.jpg 1 0 0 50 50
258.jpg 1 0 0 50 50
375.jpg 1 0 0 50 50
372.jpg 1 0 0 50 50
636.jpg 1 0 0 50 50
212.jpg 1 0 0 50 50
130.jpg 1 0 0 50 50
102.jpg 1 0 0 50 50
492.jpg 1 0 0 50 50
345.jpg 1 0 0 50 50
581.jpg 1 0 0 50 50
185.jpg 1 0 0 50 50
142.jpg 1 0 0 50 50
315.jpg 1 0 0 50 50
570.jpg 1 0 0 50 50
530.jpg 1 0 0 50 50
552.jpg 1 0 0 50 50
72.jpg 1 0 0 50 50
603.jpg 1 0 0 50 50
278.jpg 1 0 0 50 50
327.jpg 1 0 0 50 50
571.jpg 1 0 0 50 50
93.jpg 1 0 0 50 50
1.jpg 1 0 0 50 50
318.jpg 1 0 0 50 50
586.jpg 1 0 0 50 50
635.jpg 1 0 0 50 50
457.jpg 1 0 0 50 50
568.jpg 1 0 0 50 50
133.jpg 1 0 0 50 50
169.jpg 1 0 0 50 50
143.jpg 1 0 0 50 50
252.jpg 1 0 0 50 50
324.jpg 1 0 0 50 50
512.jpg 1 0 0 50 50
451.jpg 1 0 0 50 50
98.jpg 1 0 0 50 50
152.jpg 1 0 0 50 50
499.jpg 1 0 0 50 50
256.jpg 1 0 0 50 50
472.jpg 1 0 0 50 50
419.jpg 1 0 0 50 50
20.jpg 1 0 0 50 50
56.jpg 1 0 0 50 50
346.jpg 1 0 0 50 50
16.jpg 1 0 0 50 50
540.jpg 1 0 0 50 50
281.jpg 1 0 0 50 50
214.jpg 1 0 0 50 50
3.jpg 1 0 0 50 50
429.jpg 1 0 0 50 50
292.jpg 1 0 0 50 50
535.jpg 1 0 0 50 50
158.jpg 1 0 0 50 50
132.jpg 1 0 0 50 50
217.jpg 1 0 0 50 50
593.jpg 1 0 0 50 50
43.jpg 1 0 0 50 50
496.jpg 1 0 0 50 50
517.jpg 1 0 0 50 50
610.jpg 1 0 0 50 50
184.jpg 1 0 0 50 50
58.jpg 1 0 0 50 50
347.jpg 1 0 0 50 50
149.jpg 1 0 0 50 50
524.jpg 1 0 0 50 50
251.jpg 1 0 0 50 50
245.jpg 1 0 0 50 50
359.jpg 1 0 0 50 50
48.jpg 1 0 0 50 50
591.jpg 1 0 0 50 50
622.jpg 1 0 0 50 50
497.jpg 1 0 0 50 50
432.jpg 1 0 0 50 50
290.jpg 1 0 0 50 50
99.jpg 1 0 0 50 50
467.jpg 1 0 0 50 50
406.jpg 1 0 0 50 50
94.jpg 1 0 0 50 50
78.jpg 1 0 0 50 50
489.jpg 1 0 0 50 50
544.jpg 1 0 0 50 50
549.jpg 1 0 0 50 50
18.jpg 1 0 0 50 50
151.jpg 1 0 0 50 50
190.jpg 1 0 0 50 50
531.jpg 1 0 0 50 50
31.jpg 1 0 0 50 50
41.jpg 1 0 0 50 50
348.jpg 1 0 0 50 50
553.jpg 1 0 0 50 50
470.jpg 1 0 0 50 50
386.jpg 1 0 0 50 50
391.jpg 1 0 0 50 50
448.jpg 1 0 0 50 50
